0.6947797988917508 0.07002278407184692 0.2351974170364023
0.008908642319786497 0.47205958359082234 0.5190317740893912
0.7405747932611416 0.158113810387555 0.10131139635130337
0.02721902794781239 0.6427022925504817 0.3300786795017059
0.5160595287797155 0.40570361519078224 0.07823685602950226
0.4686264517925717 0.4245629157904077 0.1068106324170206
0.856308501078573 0.10521732262174999 0.038474176299676976
0.04077660623170987 0.4953293178001209 0.46389407596816923
0.13032114030683928 0.686282721656034 0.18339613803712673
0.10190273534321104 0.7440090419991523 0.15408822265763666
0.2142286184112815 0.15988229761025596 0.6258890839784625
0.3659585150017054 0.5690531718149211 0.0649883131833735
0.3471421701663353 0.5402025381726638 0.11265529166100086
0.025419673616300154 0.5651499254927128 0.40943040089098703
0.03645474660889381 0.5288270421104154 0.43471821128069077
0.459056688871918 0.4036233207008303 0.13731999042725174
0.4020924831635957 0.4805641880111675 0.11734332882523679
0.4444242959676793 0.4202660678895187 0.135309636142802
0.4037889311954238 0.5855741328393259 0.010636935965250283
0.350276177263005 0.28337311513827435 0.3663507075987207
0.2582058618934382 0.44853508427081634 0.29325905383574546
0.4622207572720606 0.04501256052963454 0.4927666821983049
0.5482825697228407 0.2876591773037137 0.16405825297344556
0.9313210403912563 0.004234825841241463 0.06444413376750224
0.7329488803991102 0.1411364653453938 0.12591465425549597
0.3129483728908554 0.029609137992875567 0.657442489116269
0.33804381885976964 0.05601350523920878 0.6059426759010216
0.052942219380602284 0.6941806359314803 0.25287714468791744
0.3122620075406829 0.41195611252578457 0.27578187993353254
0.160865987583391 0.6330360658677961 0.20609794654881286
0.285859565850064 0.0404507756591056 0.6736896584908304
0.040068286431581446 0.7807870037664728 0.17914470980194575
0.5658317884610369 0.1996788773493804 0.23448933418958273
0.6628749596572523 0.011154426717672528 0.3259706136250752
0.07707690247590293 0.1699679074323649 0.7529551900917322
0.4674445185560311 0.3820767834176012 0.1504786980263677
0.7333562669468653 0.11748119238596955 0.14916254066716517
0.04256537574753039 0.0539401490617325 0.9034944751907371
0.024002854832579024 0.8072320534256986 0.16876509174172238
0.08723856479591519 0.8882400739389097 0.024521361265175123
0.2644705967422374 0.35468904979021487 0.38084035346754774
0.04582851222368067 0.6773988167009013 0.27677267107541803
0.06521653854075582 0.5194444607666207 0.41533900069262353
0.20603137253721915 0.6245498818113173 0.16941874565146353
0.605803971179022 0.18347764459269678 0.21071838422828126
0.73689846380857 0.08269577571386555 0.1804057604775644
0.09525767147024788 0.4904214748457174 0.4143208536840347
0.1030918376999862 0.4905934743326327 0.4063146879673811
0.4171758357439511 0.4254813813008097 0.15734278295523918
0.3930934513737755 0.2793316177753289 0.3275749308508956
0.4718350201276261 0.4387424059298912 0.08942257394248265
0.12711829482723436 0.7111034850452708 0.16177822012749488
0.025874183888598856 0.3245186033639009 0.6496072127475002
0.3822280606746645 0.5005436042839805 0.11722833504135499
0.3419014646647943 0.33069815943896186 0.3274003758962438
0.35539752823344717 0.2078301891125096 0.4367722826540432
0.12581898698771332 0.15629479488087772 0.717886218131409
0.5011957743043677 0.40362743986492977 0.09517678583070255
0.019199068645541773 0.22561408191805365 0.7551868494364046
0.03021561354527924 0.12707243045347694 0.8427119560012438
0.296326028926161 0.324924909658441 0.378749061415398
0.17402708954306478 0.6372383207959066 0.18873458966102863
0.8865192788230852 0.06521186989324834 0.048268851283666425
0.38441351999960494 0.5722443016657865 0.04334217833460852
0.06932139624988132 0.03137318821939683 0.8993054155307219
0.29108880994416053 0.6452008905944889 0.06371029946135054
0.36891380568970034 0.014769462859332116 0.6163167314509675
0.006276185783751442 0.02257702995359301 0.9711467842626555
0.09233535778352142 0.6785774037906177 0.22908723842586087
0.3539069386869882 0.28170372701731705 0.36438933429569476
0.18830255417526842 0.6260433423572397 0.1856541034674919
0.4526768587600627 0.16605824286671833 0.381264898373219
0.13534092694901867 0.5830316930067134 0.2816273800442679
0.40083888553380753 0.574607385656352 0.024553728809840414
0.4330393405315983 0.1962753226217131 0.3706853368466886
0.3863140780257016 0.5403332495638136 0.07335267241048482
0.5593831999818116 0.17454037096610175 0.2660764290520866
0.3914717899723106 0.3236038842414045 0.2849243257862849
0.05615106114441548 0.17370281054945935 0.7701461283061252
0.06607339502474241 0.00868187426888345 0.9252447307063741
0.3391909307534047 0.6316363005153174 0.029172768731277943
0.008434946935922172 0.24888400945561184 0.742681043608466
0.047328900332669566 0.13099402621167155 0.8216770734556589
0.1630849813630766 0.8198277039754744 0.01708731466144897
0.04180296631422098 0.04325934893349992 0.9149376847522791
0.5372665997600117 0.359757800955229 0.1029755992847593
0.39839466873391816 0.01605242474918611 0.5855529065168957
0.0852166111530136 0.11551364936090092 0.7992697394860855
0.15957275144979677 0.6215139231645289 0.21891332538567432
0.8271695372868426 0.1524679183675297 0.020362544345627676
0.30575891891995755 0.09337406233958911 0.6008670187404533
0.6128561163540461 0.09942274678187102 0.28772113686408285
0.043470942225949716 0.5029421595801756 0.45358689819387465
0.7531811560469182 0.23460200032913447 0.012216843623947371
0.4179128716976105 0.5203503719978777 0.06173675630451181
0.17403763027661745 0.7770642004647668 0.04889816925861579
0.776197934813022 0.1922425892630547 0.031559475923923275
0.07274300727805938 0.00834536939874353 0.9189116233231971
0.5370279830459135 0.10491741479378103 0.3580546021603055
0.49410463517021375 0.18044710197667657 0.3254482628531097
0.10043954130706456 0.7979780211440838 0.10158243754885166
0.02422602496617432 0.26972713393819636 0.7060468410956293
0.49049428160621755 0.37829090464635073 0.1312148137474317
0.6246250305940639 0.08912606568533599 0.2862489037206001
0.1393703746738013 0.23248797671135069 0.628141648614848
0.36870576236604546 0.29401568900230446 0.3372785486316501
0.05926170022040045 0.3504632641504041 0.5902750356291955
0.35640347811030804 0.5829020898302262 0.060694432059465786
0.10870762170191861 0.6470349812740975 0.24425739702398386
0.1538752375450817 0.2404073462552716 0.6057174161996467
0.8620789984530032 0.04711328504034695 0.09080771650664987
0.3429002911758109 0.5449742910351532 0.11212541778903595
0.487616312481037 0.36230539410203366 0.15007829341692935
0.10173374448614603 0.2061080406072121 0.6921582149066419
0.17732187364763163 0.30407156452776496 0.5186065618246034
0.026339018149883486 0.5638284779244324 0.40983250392568416
0.04225539205631301 0.3363949338525196 0.6213496740911674
0.6835342109104064 0.13981927136655303 0.17664651772304052
0.12884088361676094 0.3891808511682684 0.48197826521497067
0.5118908299178425 0.16546376345590874 0.32264540662624874
0.2604151649301937 0.050421014972793166 0.6891638200970132
0.532069239791488 0.3046626793664974 0.1632680808420146
0.7964363597510508 0.0043262285368679265 0.1992374117120813
0.49146130600802107 0.391294162920243 0.11724453107173594
0.17003017546513532 0.3399467452652014 0.49002307926966326
0.07424763803953793 0.13070014055271528 0.7950522214077468
0.28890453341677147 0.27758023056495207 0.43351523601827646
0.017047004742668292 0.9504375978018546 0.03251539745547716
0.7125181343725082 0.10904978726410497 0.17843207836338681
0.6086028348771763 0.35232603408732366 0.039071131035500084
0.03615513834810358 0.009015819146575788 0.9548290425053206
0.24299401545263655 0.25112155825347005 0.5058844262938934
0.16343051568913047 0.4501821473040939 0.38638733700677563
0.09787326685927333 0.4462559398788255 0.45587079326190116
0.20029732879662965 0.14810378184687822 0.6515988893564921
0.17899793233914596 0.6334503110532967 0.1875517566075573
0.07394439063834257 0.6415695027090683 0.2844861066525891
0.3783737593060428 0.5641082789667399 0.05751796172721735
0.07008225438232796 0.42989705831779657 0.5000206872998755
0.00297935330637511 0.5837926939588961 0.4132279527347288
0.4756113994216862 0.04871658578360605 0.4756720147947078
0.015793359574592714 0.23345495316862352 0.7507516872567838
0.3443759513648402 0.10939761890936728 0.5462264297257925
0.2273223598288796 0.39860055582740594 0.37407708434371445
0.09798850976362405 0.768669883224755 0.1333416070116209
0.3505072001133912 0.11410910458897927 0.5353836952976295
0.40174264515004177 0.1703629639938704 0.4278943908560878
0.23335874364982778 0.2260514615321988 0.5405897948179734
0.04547037514038299 0.060599410944557675 0.8939302139150593
0.10744108366915772 0.37394438103334415 0.5186145352974981
0.26164807568903004 0.407347532657389 0.331004391653581
0.21663964547642356 0.7786618713096785 0.004698483213897986
0.04430472411651376 0.52511783762279 0.4305774382606963
0.4764694774822069 0.5154311181497275 0.008099404368065555
0.37813101129141147 0.2710990291750863 0.3507699595335022
0.07080081993375698 0.0822001214043745 0.8469990586618685
0.11623605760872613 0.31575056834260895 0.5680133740486649
0.1639706644143224 0.3250404947412845 0.5109888408443931
0.8209999139645267 0.012878753153558353 0.166121332881915
0.12281436372417975 0.6213632187557967 0.25582241752002355
0.2604727139096229 0.3185738535584498 0.4209534325319273
0.4907707039135759 0.21475072116408578 0.2944785749223383
0.31413388000171805 0.018972161787885522 0.6668939582103964
0.2056463797663567 0.25279738405509866 0.5415562361785446
0.028722721813487784 0.7944646215237258 0.17681265666278645
0.2334870972358063 0.5933589850154909 0.1731539177487028
0.3283310932254143 0.6528669111759531 0.018801995598632604
0.4378052344653752 0.4208087553069575 0.14138601022766728
0.027616847748857642 0.9189567692203292 0.05342638303081315
0.7586745032146585 0.10496313245007172 0.13636236433526983
0.6058394689918986 0.39374488342607994 4.1564758202150554E-4
0.9728558596146064 0.02605745633268819 0.0010866840527054
0.6022365255699913 0.10148839066316462 0.2962750837668441
0.11665836867488522 0.5370412113873491 0.3463004199377657
0.45659328886108785 0.3250677943823018 0.21833891675661032
0.048803806347453516 0.4885296425336626 0.4626665511188839
0.029274458815027216 0.28524880264748986 0.6854767385374829
0.12184089888725524 0.0059474470858728035 0.872211654026872
0.45472081717509216 0.2780219163577289 0.26725726646717896
0.39918151433023086 0.006356100785746555 0.5944623848840226
0.4459992026366476 0.23073681965493897 0.3232639777084134
0.15564015218075955 0.4198482807915451 0.4245115670276953
0.02723839105228021 0.8955533486948101 0.07720826025290972
0.2769760837657511 0.6733556133752715 0.04966830285897739
0.17200432044921898 0.5543942344138756 0.27360144513690543
0.24771759565433749 0.010646732756722455 0.7416356715889401
0.17049924949869089 0.2248146956455368 0.6046860548557723
0.5880920853551379 0.04262316471525385 0.36928474992960825
0.20866643269978968 0.4245275994237905 0.36680596787641984
0.21826665966730496 0.7357062447447884 0.04602709558790663
0.6130704722160714 0.18016636998322866 0.20676315780069998
0.5223396141290644 0.22103951566399493 0.2566208702069407
0.2215141280058034 0.6921507301747559 0.08633514181944069
0.2386326137602235 0.2674601607932162 0.4939072254465603
0.20990399438654994 0.47960095083261356 0.3104950547808365
0.26556060207027954 0.7288269815614666 0.005612416368253825
0.01880404426276383 0.46766036692107416 0.513535588816162
0.06081755313159731 0.41266471675619465 0.526517730112208
0.0194950024135927 0.5309134558306442 0.4495915417557631
0.2778306901442673 0.43443879803960184 0.28773051181613085
0.7825113145543084 0.05311149376717472 0.16437719167851683
0.4412836459112256 0.27044325375296907 0.28827310033580533
0.12984490563527717 0.8560425982829666 0.014112496081756243
0.31737225150175064 0.47884743566536847 0.2037803128328809
0.026114995432021004 0.07805562976437841 0.8958293748036006
0.03417882893474966 0.6786963606500203 0.2871248104152301
0.36523409678524243 0.1748101340336301 0.45995576918112746
0.39227081099004235 0.3999625573509311 0.20776663165902653
0.08197476153425509 0.5423018195413666 0.3757234189243783
0.46745172463642215 0.45722472799564406 0.07532354736793379
0.018189871944554126 0.3869770538665481 0.5948330741888977
0.2273979216567792 0.433002294171961 0.3395997841712598
0.2734634836135076 0.18124293129366453 0.5452935850928279
0.10262448854965611 0.7699878773690761 0.12738763408126774
0.43929812060931717 0.07778599268121345 0.4829158867094694
0.6699546954093355 0.05388592506416745 0.27615937952649705
0.096149962468153 0.6859462815310834 0.21790375600076362
0.7357030929868495 0.03629901594258367 0.22799789107056678
0.5973008607670587 0.36943302961240465 0.033266109620536666
0.3783965077351159 0.34934984222146903 0.27225365004341506
0.86157483509006 0.012003351561735931 0.12642181334820402
0.13216688855505254 0.09987676812458968 0.7679563433203578
0.5304366436273006 0.33029220809114634 0.13927114828155307
0.4101238305576329 0.11524321686810213 0.47463295257426497
0.7029140501025415 0.17315090594033733 0.12393504395712118
0.07298150999858677 0.32221111709704764 0.6048073729043656
0.0565036028227075 0.48946167215326597 0.45403472502402653
0.44384234181715176 0.27273833420684135 0.2834193239760069
0.05582986442205906 0.938563920972355 0.0056062146055859685
0.354013115711708 0.133443396000006 0.512543488288286
0.16760613277309033 0.09446253252775438 0.7379313346991553
0.08802804599122827 0.7974562787224463 0.11451567528632545
0.07322516309098626 0.29409354381047936 0.6326812930985344
0.1896820655409036 0.41443354801429133 0.39588438644480506
0.01739455548690183 0.3985326907593214 0.5840727537537768
0.49898522711901205 0.4520041976770711 0.04901057520391683
0.957347702244753 0.015905312817718453 0.026746984937528584
0.44085772934926926 0.07626501999963897 0.48287725065109177
0.7310031131162166 0.18673523978490114 0.08226164709888228
0.3617326388591571 0.636292502551954 0.001974858588888906
0.045115166835376086 0.17903714922842695 0.775847683936197
0.09506201851374185 0.3826658384071161 0.522272143079142
0.4057841395777654 0.5304228048970295 0.06379305552520509
0.0010528048540108248 0.19099936841843024 0.8079478267275589
0.16871079300722525 0.35038832666650277 0.480900880326272
0.5439644966659508 0.2826012709229757 0.17343423241107347
0.5760277098430846 0.10826997054271714 0.31570231961419826
0.7206285442089103 0.06869970601325892 0.21067174977783076
0.2200872048203557 0.06301090321381342 0.7169018919658309
0.7858795376162837 0.20225776507248494 0.011862697311231352
0.09638378591545949 0.8399529563703024 0.06366325771423809
0.014140916226591305 0.47387294359318444 0.5119861401802243
0.7317709078659713 0.19672412626677804 0.07150496586725064
0.3669872144710101 0.21839271878294841 0.41462006674604146
0.26175304504318986 0.08178703535949894 0.6564599195973112
0.5238944128067919 0.07098135605222466 0.4051242311409834
0.25497694736755394 0.1297351501463342 0.6152879024861119
0.07530973551526188 0.8059958947712446 0.11869436971349356
0.041192954796175685 0.14282372878985472 0.8159833164139696
0.4333970165768799 0.2863458586313574 0.2802571247917627
0.5597762733818745 0.41079155032700887 0.029432176291116607
0.48909049890432055 0.4627174783144905 0.04819202278118895
0.1055608385554937 0.7225565472293417 0.1718826142151646
0.41535412780708836 0.27756654265026814 0.3070793295426435
0.29458719374732056 0.21639944231131203 0.4890133639413674
0.2951772428057201 0.643661890219184 0.06116086697509593
0.6974714618729279 0.1749391584383293 0.12758937968874284
0.8173333554609244 0.09273215562281578 0.08993448891625977
0.013622500965881912 0.9104968892404851 0.07588060979363298
0.43118084574991355 0.3569166378658447 0.21190251638424173
0.00994327715393506 0.5323719488876061 0.45768477395845886
0.4549289962818409 0.2109353435814869 0.3341356601366722
0.031502709316769684 0.5159218320575308 0.4525754586256995
0.19902926207666727 0.2407104629779745 0.5602602749453582
0.29901541862709546 0.18719890118060456 0.5137856801923
0.07177654063076633 0.31371994342054077 0.6145035159486929
0.5045272464563619 0.36959129209415575 0.1258814614494823
0.11509962589203893 0.32723683719621643 0.5576635369117446
0.1386081867009652 0.39728338576494737 0.46410842753408743
0.0496957238416188 0.6282184349271038 0.32208584123127737
0.17653478910144205 0.8052312146776264 0.01823399622093158
0.16736726531430857 0.278010841920615 0.5546218927650765
0.5353886940162025 0.024660846064377795 0.4399504599194197
0.7943757653382894 0.13564254008554755 0.0699816945761631
0.48648134809683563 0.23086163741152366 0.2826570144916407
0.005951761187189875 0.5232860259290508 0.4707622128837593
0.41899054137144454 0.38674496737816555 0.19426449125038991
0.11061222010065386 0.11720785545671786 0.7721799244426283
0.6480711027690471 0.28662269235608806 0.06530620487486483
0.18935323921002556 0.02514024995539821 0.7855065108345762
0.5557330355644832 0.2326063893362943 0.21166057509922254
0.41702034245183317 0.06778214328656418 0.5151975142616027
0.5297936641087084 0.22789766956366586 0.2423086663276257
0.08909603744170846 0.03208518996437304 0.8788187725939185
0.5033154803560118 0.22595790796598725 0.27072661167800094
0.3874661489041106 0.5161639740388918 0.09636987705699762
0.6849108277000724 0.06958329004099029 0.24550588225893732
0.11922533251146616 0.4897154551998171 0.39105921228871676
0.12248864792018876 0.22951949365002644 0.6479918584297848
0.0031419335353458644 0.6703889965383086 0.3264690699263455
0.5121931638819806 0.45964971499747054 0.02815712112054891
0.3074816473340718 0.2453019809654644 0.4472163717004638
0.6352529528577101 0.2341978585512955 0.1305491885909944
0.43791197359789946 0.4552713235025797 0.10681670289952083
0.4122250467028611 0.09238344216074623 0.4953915111363927
0.14283655419852692 0.718079824328364 0.13908362147310904
0.3374624432103145 0.5901854444791931 0.07235211231049243
0.3671262450594279 0.48046553910094414 0.15240821583962794
0.1066771471343918 0.8486103553517089 0.044712497513899274
0.0932901273735971 0.20425406437032367 0.7024558082560792
0.3463692000558872 0.16957409524774214 0.48405670469637063
0.07852993076452652 0.12123552228435042 0.8002345469511231
0.2663777938654208 0.02134886764998367 0.7122733384845955
0.5489701651908834 0.37553673323489156 0.07549310157422506
0.7907198436568194 0.1655219063985479 0.04375824994463273
0.38442348249439107 0.1689158967951494 0.44666062071045953
0.17126424361162707 0.2767390338740975 0.5519967225142755
0.609832010688214 0.18398868660556222 0.20617930270622375
0.5679534505781928 0.43047175321420605 0.001574796207601148
0.12298925082541612 0.48124234326107374 0.39576840591351015
0.46690239675399914 0.2691769397081044 0.26392066353789645
0.439841603469851 0.13405350338871913 0.42610489314142985
0.15063231817829792 0.2563155072300305 0.5930521745916716
0.33405100709542024 0.45319614352295146 0.2127528493816283
0.5989633884337666 0.030973393920144865 0.3700632176460885
0.6667311831366107 0.11325020357187854 0.22001861329151073
0.18906821042137778 0.5720455426171027 0.2388862469615195
0.05078240001117551 0.6076555593778322 0.34156204061099227
0.5802409396238505 0.36513593547196066 0.05462312490418886
0.2298313963222195 0.5652031377919214 0.20496546588585907
0.4375971278978511 0.5555867482033932 0.006816123898755744
0.6649838394280908 0.2815951340758158 0.05342102649609337
0.12337459048655175 0.513375539549982 0.3632498699634662
0.3265964735368042 0.5200994147662396 0.15330411169695624
0.49740155620963544 0.344328197990588 0.15827024579977655
0.04997648523170384 0.2911683632323482 0.658855151535948
0.8590990779285372 0.050580586768083524 0.09032033530337924
0.33910215371502594 0.10770998055680792 0.5531878657281661
0.4628964858320448 0.29319837378328883 0.24390514038466637
0.08298291053733375 0.6394262049232479 0.2775908845394184
0.2697878465648256 0.7192235674059694 0.01098858602920505
0.45204162502149636 0.32173022145064656 0.22622815352785708
0.009797191792000448 0.05872265129869114 0.9314801569093084
0.025131099293017822 0.23381109354782925 0.7410578071591529
0.1665909713491469 0.8308344617640032 0.0025745668868498717
0.06739958937660262 0.9141057898274149 0.01849462079598252
0.0018035513779265377 0.5837604624614008 0.4144359861606727
0.4028715445383212 0.4459926255945076 0.15113582986717122
0.07392620247712811 0.08902560988661001 0.8370481876362619
0.5366565164089999 0.17271646459368617 0.2906270189973139
0.18610393575431516 0.534343145073659 0.27955291917202585
0.3935591884255084 0.11544099699304478 0.4909998145814468
0.18938086075701843 0.11189517043768793 0.6987239688052936
0.15124811634640722 0.10397843004831198 0.7447734536052808
0.31007365108197993 0.3841384470547521 0.305787901863268
0.5290937426681455 0.2540078054399747 0.21689845189187984
0.4321115003929532 0.29816843485351097 0.2697200647535358
0.15678675650063834 0.025874075334570423 0.8173391681647912
0.5671464358045256 0.1529407786060203 0.2799127855894541
0.40602731155630667 0.09734052344711963 0.4966321649965737
0.13464456588139673 0.7138296453250688 0.1515257887935345
0.0019182096486501932 0.4020877777713614 0.5959940125799884
0.3863084185676543 0.16249869458473643 0.4511928868476093
0.12671509223816746 0.1387110943743649 0.7345738133874676
0.21907387081980667 0.4204884672276821 0.36043766195251126
0.21085996200281565 0.45046055417535114 0.3386794838218332
0.02651390270548304 0.828326983386516 0.14515911390800096
0.09821132029989066 0.7563999932418359 0.1453886864582734
0.5380284211388637 0.4179506746675763 0.04402090419355997
0.018550243703060576 0.8333398740420017 0.1481098822549377
0.3872802118111637 0.44344841589744977 0.16927137229138656
0.4255253819242514 0.10147287120448045 0.47300174687126817
0.4916726232603099 0.4039926980357982 0.1043346787038919
0.314251132546014 0.45024741101249444 0.23550145644149156
0.05835029005922965 0.8945018237415785 0.04714788619919186
0.25597409372543833 0.405232381300514 0.3387935249740477
0.01692100560035692 0.4757069822776221 0.507372012122021
0.03268016417803199 0.32589207194360315 0.6414277638783649
0.34226340087271634 0.5277560889944367 0.12998051013284695
0.1741070793813263 0.44853849484523234 0.37735442577344136
0.005772422381461362 0.5459868632428184 0.4482407143757202
0.5530359403361861 0.24832784853069378 0.19863621113312013
0.021899355195417858 0.683039074689158 0.2950615701154241
0.14657245191310186 0.3340532986121796 0.5193742494747186
0.16240948280248269 0.23560452714814328 0.601985990049374
0.1665397096231077 0.6917413276013854 0.14171896277550688
0.7458106314584265 0.11650424264517689 0.1376851258963966
0.0980749177498802 0.6075628928948628 0.29436218935525704
0.29952576988863133 0.4408597760180968 0.2596144540932719
0.3239903952825409 0.1669435603188273 0.5090660443986318
0.6143113996484746 0.23850996001951297 0.14717864033201244
0.4665734042829015 0.5083588788696475 0.025067716847451016
0.4539350455477571 0.43201539020161916 0.11404956425062374
0.004795869183928381 0.21300115275964604 0.7822029780564256
0.13137127745816146 0.12235549998866668 0.7462732225531719
0.37907406147824785 0.15147650665785428 0.46944943186389787
0.15693826004977796 0.09947589699237414 0.7435858429578479
0.8674362010212261 0.10817889350204746 0.02438490547672645
0.57305298867294 0.4201764010574741 0.006770610269585919
0.19407408033966655 0.4187511518950402 0.38717476776529325
0.009969033265399774 0.4589532128360181 0.5310777538985821
0.3643656594583552 0.6179690201331941 0.017665320408450702
0.437731090396245 0.5534178176477409 0.008851091956014079
0.14500793485487706 0.3061220716823213 0.5488699934628016
0.24541911378339054 0.6524867655648736 0.10209412065173584
0.0830280875989482 0.12643993189462122 0.7905319805064306
0.17976878928350593 0.5636048595812182 0.2566263511352759
0.49666002087506544 0.43455337501907654 0.06878660410585802
0.3012459034804733 0.6489030947651344 0.04985100175439228
0.1891609097057111 0.5762129389686954 0.2346261513255935
0.1214638751706082 0.5732672660481215 0.3052688587812703
0.5669976547890764 0.21868788773712988 0.21431445747379374
0.5828565812036874 0.1807344939011427 0.23640892489516985
0.15190311014751223 0.7621296773306434 0.08596721252184436
0.09812091276121637 0.7426565235938061 0.15922256364497755
0.2489784149981834 0.5585611215783431 0.19246046342347345
0.3584914048185206 0.17662796746539877 0.46488062771608063
0.06592689688215969 0.4085019358458487 0.5255711672719916
0.33422879326148214 0.3109765787128632 0.35479462802565465
0.5591783748505528 0.3092684086284384 0.13155321652100882
0.34385762174092105 0.38612149838437126 0.2700208798747077
0.2096328493608146 0.7770165917793533 0.013350558859832051
0.4127987562954556 0.3262828076390787 0.2609184360654657
0.46154331650023717 0.15733033680906083 0.381126346690702
0.5320372017240477 0.033188238941425086 0.43477455933452724
0.13882520675067944 0.4884197306449596 0.372755062604361
0.6996901240436023 0.2887235747063265 0.011586301250071207
0.1672667947984181 0.33001801533124475 0.5027151898703371
0.49748573138714447 0.4864849071308609 0.01602936148199463
0.14995567019725353 0.38747127003041715 0.4625730597723293
0.6691835659519156 0.08878296789166795 0.2420334661564164
0.3517312083254205 0.07411416467530985 0.5741546269992697
0.2727477617916494 0.565333149381892 0.16191908882645856
0.020792274609556682 0.0022147778107152183 0.9769929475797281
0.27258473431343266 0.33728657088975633 0.390128694796811
0.23388535263141608 0.19358291900562452 0.5725317283629594
0.19355191961663398 0.4523356946898348 0.3541123856935312
0.33955566545585003 0.3782556076450815 0.2821887268990685
0.0025173048595253933 0.17413628786624724 0.8233464072742274
0.6015344152528369 0.2758000394359791 0.12266554531118401
0.4270742704854372 0.13952235380648015 0.4334033757080826
0.7412406457998173 0.049508895333542746 0.20925045886663995
0.30361024862633035 0.022869547711061644 0.673520203662608
0.2812894759460014 0.5295587035483525 0.18915182050564605
0.4927690488991803 0.2875236421158016 0.2197073089850181
0.6989529045503955 0.07468470551871564 0.22636238993088886
0.2710450121727648 0.3050966500533334 0.4238583377739018
0.12915961855258018 0.6181163548289461 0.2527240266184737
0.011693581151252741 0.45939426508354486 0.5289121537652024
0.3856139350890304 0.48850356476716583 0.12588250014380375
0.5616308661629825 0.1668930895220595 0.271476044314958
0.41210548413488324 0.31330396383639103 0.27459055202872573
0.6367915342704926 0.20903567823954006 0.15417278748996732
0.5801298144381161 0.1039741888211092 0.31589599674077473
0.6843802456301245 0.0587581510309243 0.25686160333895125
0.5623836826576294 0.19965982018867512 0.2379564971536955
0.03517501215342622 0.7285699724446786 0.2362550154018952
0.18910092107459153 0.06003087635094584 0.7508682025744626
0.02509343079506654 0.4845882883700313 0.49031828083490214
0.002747282514986571 0.6791972480283777 0.31805546945663576
0.6578660917251956 0.1898456041064246 0.1522883041683798
0.2717333509785168 0.3158818519946125 0.4123847970268707
0.3100219132548494 0.5692275448512916 0.12075054189385903
0.169251123439505 0.28362036595689644 0.5471285106035986
0.2817438274465459 0.4283575427096351 0.289898629843819
0.790691244046628 0.0681452477610992 0.14116350819227275
0.67984200520692 0.06766795240784129 0.25249004238523876
0.09771410637369238 0.32899100113554314 0.5732948924907645
0.4421456070360178 0.08685872418590568 0.4709956687780765
0.33371587787078283 0.0888504300936318 0.5774336920355854
0.12179622914963728 0.18521392430572037 0.6929898465446424
0.1625332273382355 0.06874886676341818 0.7687179058983463
0.4989579216125103 0.2994413764941435 0.20160070189334622
0.851826491617365 0.09192198373462257 0.05625152464801242
0.33690546228288987 0.11873365447842177 0.5443608832386884
0.8446779693986669 0.08084162886402979 0.0744804017373033
0.1518037556260614 0.4222334298100594 0.4259628145638792
0.6392067059843201 0.05375113289061395 0.307042161125066
0.37273260943333275 0.562746193702221 0.06452119686444624
0.7522047103470313 0.027283673648706874 0.22051161600426183
0.15440231922825298 0.8147434844746152 0.03085419629713182
0.16345131184631 0.14217703072453025 0.6943716574291597
0.1887980291058502 0.46351593219108467 0.34768603870306514
0.31127684329444083 0.2050203957209331 0.48370276098462606
0.03046772469860015 0.7039842948069625 0.2655479804944374
0.37480959789866986 0.2077701596172804 0.41742024248404974
0.849674795912126 0.022981510419466833 0.12734369366840714
5.049490654829292E-5 0.38297635378337613 0.6169731513100756
0.9291103817819847 0.05761248331341762 0.013277134904597698
0.16011234205541203 0.14124467419711573 0.6986429837474722
0.720766349267861 0.249791951601535 0.029441699130604015
0.0055457114666245255 0.8451678953695941 0.14928639316378134
0.8075966392523777 0.005052117115557531 0.1873512436320648
0.3460075984215961 0.17598532126148003 0.47800708031692385
0.7651139007346625 0.10598472402910164 0.1289013752362359
0.7451099414110438 0.07615014407069087 0.17873991451826532
0.38857686522105717 0.25042773790506734 0.3609953968738755
0.3149803435196227 0.4445476310879769 0.24047202539240042
0.45870287857064296 0.023997887247387495 0.5172992341819695
0.308502624815701 0.17405425969669042 0.5174431154876086
