0.3878999358286931 0.16105018786478276 0.26616562571510627 0.1848842505914179
0.12368220722791756 0.05187672413377875 0.7774663977444967 0.046974670893807025
0.07459438175616351 0.13302865690491295 0.08959111755999516 0.7027858437789284
0.10625915137282993 0.4626851463225834 0.3829446335355199 0.04811106876906679
0.014858974994857777 0.03958515845278887 0.3316259382903014 0.613929928262052
0.18418389274834912 0.041271020278347836 0.7644080501255232 0.01013703684777989
0.042762776727832685 0.39837064814852874 0.2842885385133288 0.2745780366103098
0.4137180077031518 0.1662401526201126 0.2836375375505644 0.13640430212617116
0.3849477145886494 0.07492943259844131 0.32679976658216403 0.21332308623074525
0.12736654398013747 0.43830195374518244 0.04679755961142684 0.38753394266325325
0.06945424123952648 0.164356808164407 0.051732751759445694 0.7144561988366208
0.4487425208790612 0.31571447828373567 0.19219047525422128 0.04335252558298186
0.10820854856297668 0.035723690486206605 0.04651908560729656 0.8095486753435202
0.1263865125250503 0.3456406510179789 0.0516643534685699 0.4763084829884009
0.08494279534732496 0.4684727642957486 0.38431990039184205 0.06226453996508441
0.002493483460746071 0.23012944164199667 0.6121937595359268 0.15518331536133045
0.22521920065373702 0.6342590609389274 0.06447321085339686 0.07604852755393876
0.15663685631729096 0.5567197269878458 0.2851443316394454 0.001499085055417848
0.0025956247423738477 0.07612232273204256 0.32620281179713917 0.5950792407284444
0.47591951820897715 0.16241034689099443 0.23045135435445752 0.1312187805455709
0.11953323891509471 0.21726738542560198 0.2921982384041132 0.3710011372551901
0.6528181914334903 0.01944216551305422 0.03398625605235972 0.29375338700109577
0.1862226739790509 0.4247975500032244 0.2919448547030281 0.0970349213146966
0.7218891272803453 0.03935485823977447 0.1803758876514333 0.058380126828446954
0.21726433997931238 0.16600667702455096 0.4594476814816436 0.15728130151449304
0.1796631867339562 0.5409959730719702 0.021492023156946316 0.25784881703712725
0.15147201868469462 0.13405116133937856 0.29954773824326264 0.4149290817326642
0.7623688738668357 0.1384019597719498 0.06888278338275944 0.030346382978455044
0.180801612782299 0.2979985881406563 8.690606792853828E-4 0.5203307383977593
0.07296715181034663 0.7465658313162576 0.1626525836844953 0.017814433188900414
0.5829919834584062 0.13356233750157476 0.195395586551673 0.08805009248834605
0.3101587379071976 0.45422906176748323 0.2140035372401996 0.02160866308511955
0.5921635600132568 0.12193706081939581 0.22598838297905144 0.059910996188295984
0.8045878050861417 0.18900819792585788 0.005297736505871953 0.0011062604821284738
0.8828984966721253 8.73595299660801E-5 0.005482928472017368 0.11153121532589128
0.119602244301517 0.316980745107559 0.04875572264477823 0.5146612879461457
0.14865492719257767 0.34984484897474655 0.3034616889764328 0.198038534856243
0.171817532971543 0.11986731750383672 0.045229583604418866 0.6630855659202014
0.290054972600702 0.15334207694287783 0.3774392308477308 0.17916371960868938
0.5050131830868761 0.15017466629774312 0.13764346384286952 0.2071686867725112
0.48737270841451585 0.09554465461377226 0.2710259795403155 0.1460566574313964
0.023709747642551626 0.16607295684659784 0.17661554348238628 0.6336017520284642
0.2666913841376981 0.4911076579504866 0.2063315772993901 0.03586938061242517
0.14239309096728325 0.7611540883684065 0.07911122382550273 0.017341596838807538
0.48099517528320834 0.3876990626877692 0.07551253854377715 0.05579322348524529
0.013316178638304699 0.8775441990333921 0.10584254128627857 0.003297081042024641
0.04588832673290877 0.8496552778514632 0.06645297229746139 0.038003423118166624
0.007851617999447114 0.019939766024406724 0.42183538647079255 0.5503732295053536
0.5429382079828845 0.02729411225382372 0.005665402916876339 0.42410227684641544
0.566252065139651 0.20675055611940352 0.15984659591579153 0.06715078282515397
0.0036337819872176436 0.9071023983519344 0.0830402632198528 0.006223556440995148
0.1696731463343858 0.14182979885281854 0.26273987504351326 0.4257571797692824
0.01420998827229436 0.0014324077161433912 0.7055048053582035 0.27885279865335877
0.6245483218777361 0.3465783912075392 0.009364228738426794 0.01950905817629789
0.11444970994025716 0.07452363735508571 0.629825793736336 0.18120085896832117
0.5966778690866417 0.06907368594294216 0.32113098383942607 0.013117461130990105
0.30654755016214974 0.22408053152582552 0.3764805669856234 0.09289135132640136
0.5586367323071642 0.006770713603175604 0.043194164674795976 0.39139838941486427
0.3418926259731685 0.2689976521163885 0.06275811988621671 0.3263516020242263
0.7929284525233864 0.0627265218445181 0.11338575760383973 0.03095926802825577
0.2753439822419904 0.26427033729317306 0.2199237540651835 0.24046192639965303
0.09678228927849719 0.012019437044432757 0.004504549878853514 0.8866937237982165
0.512588189206817 0.1015235832924628 0.28133232777979 0.10455589972093016
0.0035198143279907557 0.27112505606220816 0.4691637240497001 0.256191405560101
0.17176333088587237 0.014463959910554602 0.7089693784810533 0.10480333072251968
0.008985528732731618 0.7421007047640249 0.23890631291174502 0.01000745359149846
0.3480713507593103 0.3242521947216076 0.28139277842215893 0.04628367609692319
0.61018777506145 0.018010271716372817 0.19582376033253746 0.17597819288963967
0.485730976178925 0.0578365845272002 0.035546959547137824 0.42088547974673696
0.11381427218393492 0.04757801286348007 0.17615581279286763 0.6624519021597174
0.20462075716530437 0.2604756955238684 0.4236489324249967 0.11125461488583055
0.41357187005747387 0.010956402746522986 0.0053507857320962415 0.5701209414639069
0.01767765208842853 0.5760420914114459 0.35674564021795063 0.049534616282174926
0.027044454695369313 0.15842761979661735 0.7345285959486237 0.0799993295593896
0.003221393910448178 0.31030391443438654 0.2563276521010722 0.43014703955409306
2.4029196552788346E-4 0.16822591907284679 0.6354896697341217 0.19604411922750364
0.1224703710026327 0.30152334703520334 0.24746807127943637 0.3285382106827276
0.013229288307618603 0.23310121959364294 0.7413049512574045 0.012364540841333982
0.17665242876033838 0.016335766219043424 0.7709292108431202 0.03608259417749804
0.6968569881854745 0.02541504581408094 0.11691157780717965 0.16081638819326494
0.05777717191359799 0.6505500329119386 0.2822904444628631 0.009382350711600318
0.10280214443434121 0.793342177094417 0.09881508203906253 0.005040596432179245
0.07166520974105384 0.17063746065917162 0.738188512632632 0.019508816967142573
0.5206959143335408 0.027361319612547286 0.04072578315843567 0.41121698289547626
0.16841033923363435 0.6192552151693947 0.0648500586445947 0.1474843869523762
0.28075531050707503 0.09872364430412672 0.2713013898092248 0.34921965537957345
0.4751351892122464 0.3361483048378282 0.07201432897878834 0.11670217697113705
0.30666607662982626 0.5559205741525552 0.028255023131655954 0.10915832608596254
0.9060329694678947 0.054399867166636584 0.021441577281044788 0.01812558608442394
0.8083319162854471 0.04946718421529306 0.008042855269477567 0.13415804422978228
0.0759971234897554 0.4384363118987684 0.1267179624846564 0.3588486021268198
0.010422071871242666 0.0931464130643922 0.26143870926287804 0.6349928058014871
0.37593961659808617 0.008264316476946476 0.014503441363408198 0.6012926255615592
0.0592286012812423 0.5760974015257145 0.06790566264321107 0.2967683345498321
0.30967656890293593 0.03524485753521145 0.11431802772294963 0.540760545838903
0.015706942860579054 0.6034761791281931 0.31908009531631654 0.06173678269491134
0.08018475615135201 0.7667261194101519 0.135402143197476 0.017686981241020083
0.17249271627172635 0.34171431386156037 0.3286790454266286 0.15711392444008465
0.5878988448059784 0.21360670667659698 0.008026729143423728 0.19046771937400087
0.4721390816953326 0.36285657533754934 0.0755604918455377 0.08944385112158038
0.02626360886580048 0.18018902010169102 0.5667749590699664 0.22677241196254205
0.1179145425959045 0.019526456206918064 0.0746758855967512 0.7878831156004262
0.010160417397991228 0.021669441018157154 0.9551963222244597 0.012973819359391903
0.6080893981777952 0.047594398341691324 0.31333200386633964 0.03098419961417387
0.1444351079820988 0.0013148291753569685 0.015844213690117015 0.8384058491524272
0.47227723637330143 0.06978038111106455 0.3980628479494923 0.0598795345661417
0.12035158941295077 0.06636907330552289 0.027398361563160556 0.7858809757183658
0.5459656008389207 0.21434833881088777 0.13800576570071188 0.1016802946494797
0.03863713555453596 0.322993141859123 0.3493394777706105 0.2890302448157306
0.0815027168428607 0.060957701950279164 0.2575170130553821 0.600022568151478
0.3302642154011459 0.18199507155852102 0.09611630216519107 0.391624410875142
0.10491370988958137 0.038432011409107236 0.1721021375462376 0.6845521411550738
0.04278427515084415 0.08028390092276083 0.8394069658756798 0.03752485805071526
0.044095886760831315 0.0958269162880323 0.33044425205878647 0.5296329448923499
0.40629380985600616 0.037525823378197654 0.23402627284834443 0.32215409391745176
0.1109666365096289 0.18602067631149255 0.3854354282578525 0.31757725892102606
0.6569565487726096 0.1772072429256425 0.0054273649219030995 0.16040884337984485
0.31301724564047784 0.5538062713931851 0.08538116794632589 0.04779531502001122
0.23874057282712147 0.15102328373409657 0.05287392229302823 0.5573622211457537
0.10225093990994794 0.21953612857050975 0.3279388345035581 0.3502740970159842
0.19395650702289002 0.09019015765518912 0.0020720924887728254 0.713781242833148
0.0659472315678239 0.0480035666429367 0.3235002602384702 0.5625489415507692
0.1539418044277301 0.31412172747020173 0.2449591490200418 0.2869773190820264
0.1387078730515794 0.031310422242510905 0.5415789176929617 0.28840278701294797
0.35977359917073715 0.024186426252358895 0.13580657428748222 0.48023340028942174
0.18265196173468545 0.6796096964256412 0.020836887229709444 0.11690145460996393
0.5845127104768235 0.2515554117027433 0.03267954768884984 0.13125233013158333
0.21524561292617483 0.2904295942366355 0.23547621413123287 0.2588485787059568
0.3998733243178113 0.24528228225972581 0.11410160355998311 0.24074278986247977
0.008246135631579832 0.5869156930989858 0.39518249614419176 0.009655675125242569
0.1598202348756511 0.10308324326478491 0.21909093946874647 0.5180055823908175
0.07481071730462807 0.13395103533306862 0.7492288311439858 0.04200941621831755
0.6488580319079712 0.1393653234029153 0.013001424453909727 0.19877522023520378
0.03135592713173052 0.013081794752522247 0.9543306312478284 0.0012316468679188786
0.014248991576015224 0.0233693613536764 0.7513183597721903 0.21106328729811807
0.022334917085623518 0.36645461438143434 0.5194162982834118 0.0917941702495303
0.24577201242139035 0.04814527460998319 0.12925570007115028 0.5768270128974762
0.005148197134501653 0.019747350478197645 0.10535976890142296 0.8697446834858777
0.7322636930192988 0.04819504419030651 0.04496881549466614 0.17457244729572852
0.587931818080837 0.02334382984272032 0.0018922917764689906 0.38683206029997363
0.2627354419781658 0.11729283943328939 0.03626221792980455 0.5837095006587403
0.6469739654012928 0.01138796031697853 0.09220076990470916 0.2494373043770195
0.17202694493262183 0.042026758784442175 0.09115714330036528 0.6947891529825707
0.009435022550842054 0.036839643132160815 0.4842635246197414 0.4694618096972557
0.292580395881045 0.12412520392338289 0.1605954548828461 0.422698945312726
0.9812951885015608 0.003041021789915055 0.008621801959784237 0.007041987748739875
0.44174269806058775 0.45924683806049327 0.07439237628878392 0.024618087590135063
0.0027046822640270918 0.28164781940662886 0.6854530790811708 0.030194419248173232
0.04260685270416187 0.023172766102937947 0.9279509269232918 0.006269454269608343
0.1278839730215907 0.037896446843726395 0.3577192874850692 0.4765002926496137
0.2129747447109206 0.3468850434689239 0.32284736022705607 0.11729285159309943
0.02854217537341941 0.8114772940212066 0.08393985266429638 0.0760406779410776
0.06159414062408275 0.42596200502339665 0.42251945418120074 0.08992440017131986
0.342063759660561 0.10766417067347123 0.4865319742565165 0.06374009540945125
0.2997051318354623 0.5550460478588559 0.07213273396319497 0.07311608634248679
0.03499284270500391 0.6607832878500168 0.010095521041343702 0.29412834840363555
0.15052228886225527 0.3794805659221845 0.3613099690625935 0.10868717615296675
0.6425382101574252 0.13077888569745533 0.054238094134013926 0.17244481001110556
0.7058682460956808 0.010901914991274242 0.018218064417828805 0.2650117744952162
0.06532696293660079 0.7850280063052291 0.02331006513071654 0.1263349656274536
0.7553236254525393 0.15082320886777245 0.04179433129692578 0.05205883438276249
0.18389843315538756 0.29804122240131925 0.09531369155151392 0.42274665289177926
0.3937408510825974 0.012309520725974354 0.013419604142760555 0.5805300240486677
0.28219023769627316 0.12518164888343652 0.16862103993338506 0.42400707348690525
5.397096578265703E-4 0.214270741717985 0.7758817992388398 0.009307749385348618
0.02753256245413349 0.3447678822157333 0.6197524420386729 0.007947113291460361
0.14042944085326237 0.14516954237370427 0.30577221586555436 0.408628800907479
0.861561460157237 0.026089191121231092 0.05911541981701485 0.05323392890451706
0.1297307654592218 0.024973645736277583 0.35167177815388073 0.4936238106506199
0.055704102854728044 0.024722956049869405 0.39503227874123414 0.5245406623541684
0.47957115561233954 0.005658009179981716 0.07540823538334862 0.4393625998243301
0.5045526846148224 0.2682284738017271 0.14723513529220045 0.07998370629125007
0.13114789478077293 0.39288429294990845 0.2182179411405306 0.257749871128788
0.014772583715958576 0.1677489567091227 0.5317834900200089 0.2856949695549098
0.4846719526524912 0.15667159944455633 0.29868711583033314 0.05996933207261934
0.08389701336442767 0.6299992853624734 0.04491171935670746 0.24119198191639146
0.09484284440928381 0.3907011220067099 0.4147016566845845 0.09975437689942179
0.345570976133142 0.40089499675517015 0.18601725005212666 0.06751677705956116
0.38713515695297485 0.1640710092338572 0.13452524135536315 0.3142685924578048
0.37292563499952514 0.07520915096738179 0.19698426128209356 0.3548809527509995
0.09868786520094408 0.6305150738519943 0.13425971012548354 0.13653735082157803
0.26741337257150466 0.005692650735475091 0.2866148358680066 0.4402791408250136
0.605796600630064 0.08309591664027383 0.22652169180600823 0.08458579092365393
0.05500803546145361 0.7437704841501326 0.19164009907793533 0.009581381310478476
0.04244817309045634 0.01920967825380049 0.5165125972056032 0.42182955145014
0.04184175833067749 0.4732499270293916 0.45863728478790966 0.026271029852021233
0.0019374512901431107 0.5849072793076129 0.36024542192391495 0.05290984747832905
0.003999813892584636 0.14538523450292307 0.001683586946093829 0.8489313646583985
0.026849295840100873 0.685134325723169 0.18341851632025896 0.10459786211647115
0.005890071546583608 0.04310627229011399 0.010233818286231378 0.940769837877071
0.11441351038175562 0.06663250763355022 0.3554609196780646 0.46349306230662957
0.525914555813457 0.15069457884788906 0.13980515373785385 0.18358571160080006
0.23104539139400804 0.11896945761812616 0.17763506296774922 0.4723500880201166
0.18406512584821877 0.5712260923472938 0.163007890152283 0.0817008916522044
0.13786618428129982 0.06046955454268188 0.5846793202735572 0.21698494090246112
0.2098770530048778 0.0048804170239455935 0.4892361613178251 0.2960063686533515
0.06712169039917204 0.2996036640051022 0.11427128282025156 0.5190033627754742
0.012011048981872885 0.713680691802143 0.18449202425935007 0.08981623495663404
0.5980835692184739 0.3534567438951145 0.004248210655308005 0.04421147623110355
0.6574878224908484 0.08154757813191615 0.24415982034437278 0.016804779032862704
0.4670230589307006 0.10088356593444281 0.01055000256925498 0.4215433725656016
0.20445054381721584 0.05527940438833456 0.16379958584771093 0.5764704659467387
0.11659787325515503 0.33887648923030944 0.2401182205157586 0.30440741699877694
0.04401127163256824 0.021674785644525074 0.21837321732552628 0.7159407253973804
0.038636339309553014 0.6425149525155435 0.2195458172126269 0.09930289096227662
0.382073574150134 0.12199614560951977 0.2932367998964719 0.20269348034387435
0.02912461897286933 0.02279714886775197 0.9356374622404197 0.012440769918959038
0.25490421289552456 0.2933424164410007 0.3258701723710805 0.12588319829239425
0.3028482046376757 0.4191875421292287 0.038761012798136485 0.2392032404349591
0.309993604060231 0.17640366731345802 0.17348376621263917 0.3401189624136718
0.5863249087453247 0.00830604629046594 0.011899134290371816 0.3934699106738375
0.03538283712351853 0.014256051429374694 0.05617089209906445 0.8941902193480423
0.31889826439480906 0.4614791871267949 0.00323141059017773 0.2163911378882183
0.002454541774160157 0.3447123489237711 0.6487365909822002 0.0040965183198685695
0.4132117286557525 0.3242150330832634 0.0546395454390497 0.2079336928219344
0.6477884861311479 0.09819221082471363 0.03528656027391519 0.21873274277022325
0.006562802696339687 0.5354303844443493 0.36545286507514774 0.09255394778416326
0.660437466281199 0.2805760437825071 0.044933563022543144 0.014052926913750707
0.31715005558929665 0.6247124241044071 6.57833870878366E-4 0.0574796864354179
0.06714108305975497 0.02628739593771301 0.23355680901001397 0.673014711992518
0.003671008541904275 0.4298720316076835 0.17929801011469504 0.3871589497357172
0.3322008587899513 0.2941686679915031 0.3095097244549241 0.0641207487636215
0.11951587214312653 0.15386628683257775 0.3743619393285066 0.35225590169578913
0.024845230239667893 0.006346514268985248 0.1664520959480722 0.8023561595432747
0.41146487403128096 0.022191442703715758 0.5635958627827649 0.002747820482238428
0.49046517686281255 0.2850024197284632 0.03866794238287952 0.18586446102584475
0.07480677474578179 0.5885514436883963 0.02714325183716715 0.30949852972865477
0.15026001123809618 0.23094054390248775 0.6079323544469498 0.010867090412466252
0.2766566422194081 0.20447040171179975 0.2190005637393807 0.29987239232941143
0.03877030130266512 0.33255401016240904 0.5380791922168683 0.09059649631805755
0.3937079975266503 0.0910783304370969 0.1306199725210403 0.3845936995152125
0.10307035719362312 0.23603852505970635 0.4015106027655625 0.25938051498110803
0.0944282724479436 0.10827126959048816 0.5402700886562486 0.25703036930531964
0.37308709818650365 0.3996745350570847 0.09923869036740529 0.12799967638900633
0.687046008326009 0.01743920809452948 0.26199425693524225 0.03352052664421923
0.02635384924343176 0.4102946059395923 0.4125380663695265 0.1508134784474494
0.19881224948589116 0.06444456027584344 0.7367123430567885 3.0847181476945096E-5
0.2618616555360984 0.09152174210094377 0.5398075568331839 0.10680904552977388
0.7060585446274723 0.06814359162641881 0.0670790145158704 0.1587188492302385
0.13672672058505608 0.25705901379921337 0.09787408174403145 0.5083401838716991
0.0033845509725961564 0.12504591037327972 0.5564205195837983 0.3151490190703258
0.20538751169646297 0.7095290666058656 0.038087651971873804 0.046995769725797665
0.09349925693815297 0.024653048382224818 0.24932122063790296 0.6325264740417192
0.3234337961809799 0.5019524759492069 0.1311346040289464 0.04347912384086683
0.22343918124109619 0.17257334182281137 0.3258124424409954 0.27817503449509706
0.11293872890073686 0.03353251845106342 0.13213733239576841 0.7213914202524313
0.564139822127481 0.17905748266842791 0.19777359775920622 0.059029097444884826
0.0504492894507389 0.12178245031508439 0.30430869831983887 0.5234595619143378
0.23463029703788219 0.05792752872008711 0.1395474776062745 0.5678946966357562
0.7995065698893051 0.03245456579870076 0.07123798776940526 0.09680087654258884
0.4442127038945125 0.3661386491653572 0.01120051048963644 0.17844813645049384
0.3821195372405448 0.4162119209273577 0.022350339651675655 0.17931820218042183
0.01663689749193542 0.8599816626909065 0.11896429286359367 0.0044171469535644325
0.20397496366371493 0.21553063360511537 0.51790273105917 0.06259167167199975
0.0032100146122201467 0.3668484481172031 0.4741706559511105 0.15577088131946626
0.0487723370237757 0.33508848008560377 0.585448896667535 0.03069028622308556
0.04555966759526742 0.19832027112506667 0.5413820841082532 0.21473797717141274
0.01956444269229718 0.1385431880354664 0.4137985419367588 0.42809382733547763
0.06693479681341119 0.1277524275008718 0.12665056575206646 0.6786622099336506
0.6657988313253802 0.32177047825376626 4.216554721956367E-4 0.012009034948657904
0.004143800870990533 0.4536235894218431 0.46954291071146903 0.07268969899569733
0.058992840027765836 0.383699332899032 0.5545232718623109 0.0027845552108912708
0.510718222101517 0.15678003085575065 0.07377744156797061 0.2587243054747618
0.4119373980261536 0.19112134994211338 0.03382856371002396 0.36311268832170907
0.26505894435562505 0.5722229134555672 0.058774283043535824 0.10394385914527193
0.193932835095465 0.5667095460748698 0.10559508508415794 0.13376253374550728
0.7657979015275002 0.06856351542374872 0.14280755523066002 0.0228310278180911
0.027537269787536123 0.6259636241150629 0.18709344978552678 0.1594056563118742
0.4600747932456283 0.30079605894846206 0.22199783425220365 0.017131313553706007
0.43311437870953906 0.48323835651610725 0.035148969700173005 0.048498295074180686
0.45248916549851237 0.1282707083495599 0.23365043731166724 0.1855896888402605
0.22820604210349393 0.2368026507163623 0.49988378363091834 0.03510752354922542
0.5263657645692827 0.02676690364325096 0.40679084076234695 0.04007649102511934
0.09734756844956394 0.5660185613940119 0.07969094313615666 0.25694292702026755
0.09538284393589935 0.2247906233815129 0.0994499459278575 0.5803765867547303
0.422752064409491 0.26080966636820957 0.2550464089460587 0.06139186027624077
0.05091481233301132 0.6082905692278671 0.24298936380359248 0.09780525463552914
0.15954725816364712 0.005458818432751533 0.5436631143777715 0.29133080902582986
0.039509224283173605 0.7775434767945236 0.15409277563857826 0.02885452328372451
0.10796531609722904 0.43238195643895416 0.10213365641665328 0.3575190710471635
0.3227485623073101 0.551347358843112 0.08358883508156512 0.04231524376801277
0.22917788345775225 0.21966677774273524 0.029737305366259736 0.5214180334332528
0.07221291945103292 0.3368456525374114 0.4333734600305209 0.15756796798103478
0.21173051406989063 0.5478050405262077 0.11760689968043059 0.12285754572347107
0.24375645408876545 0.05142416492494384 0.27564748719236487 0.42917189379392584
0.3439451020824118 0.2904350948278419 0.36264456518100907 0.002975237908737216
0.035990587129011264 0.11426631385473285 0.3144763659713986 0.5352667330448573
0.06172529197675869 0.7018056242159215 0.08359421869706674 0.15287486511025306
0.3393439411727106 0.5230660462026232 0.0864543784302696 0.051135634194396595
0.12226223851551576 0.13053843759119765 0.3405873929774621 0.4066119309158245
0.22214555968547167 0.1769643571559366 0.27977691809029637 0.32111316506829535
0.020755919695097935 0.03792969047614203 0.800867680884447 0.140446708944313
0.01845184102898023 0.1531253533379081 0.09085657683079906 0.7375662288023126
0.2584644212760364 0.3239183477155757 0.16401320240128914 0.25360402860709874
0.548089395116137 0.09279774237271232 0.33464421286819546 0.024468649642955254
0.0063409045856800406 0.07646863539790949 0.3182254411619809 0.5989650188544295
0.24879173334733096 0.5035160620771101 0.23012763641217981 0.017564568163379146
0.1002897332477658 0.1651027059436423 0.684702609288664 0.04990495151992791
0.11692051935924697 0.4526696468368592 0.352622899114172 0.07778693468972186
0.2705863336031673 0.2272456656372278 0.18848411957728906 0.3136838811823158
0.107638114059315 0.16517624313482981 0.3496346971678974 0.37755094563795777
0.06605197498614956 0.5109977396832789 0.3558989449102835 0.06705134042028804
0.30996195136274796 0.5025776339181327 0.09362689025678839 0.09383352446233095
0.33638862115098767 0.2982636561558103 0.21739200035433548 0.14795572233886656
0.37365652284259043 0.08486145970773318 0.46579665963465244 0.07568535781502395
0.3079434776066773 0.41459907227498993 0.2581997463323932 0.019257703785939606
0.02943421051772721 0.15895908493743427 0.631554639541403 0.1800520650034355
0.050379587134350756 0.03315411117361078 0.13276857457994518 0.7836977271120933
0.37053575424456164 0.030881201143388215 0.262864733107686 0.33571831150436415
0.5353362634305581 0.07253118757170518 0.26374098875679897 0.12839156024093779
0.21372753694028956 0.5544689714946157 0.1941849597430365 0.03761853182205821
0.3161813288484151 0.3725268383654198 0.011875569210262227 0.2994162635759029
0.14054260270739427 0.08812808460352872 0.4466346474081706 0.3246946652809064
0.10795822412686873 0.8200834624769056 0.03453796180587876 0.037420351590346956
0.5338182373371355 0.044256814391661514 0.3971464297760934 0.02477851849510959
0.14334068229465247 0.7118861086167271 0.08663314393336052 0.058140065155259935
0.16363976642011446 0.254564894368702 0.44409029568641556 0.13770504352476798
0.3451843287424804 0.12272761557013978 0.4377668493375163 0.09432120634986352
0.16565485230651855 0.05207479756511291 0.43739491038321265 0.3448754397451559
0.3694115854916076 0.165026084801975 0.16203112845774403 0.3035312012486734
0.2355219436784045 0.07648168522970333 0.08731488935575671 0.6006814817361354
0.1609316823417165 0.5155664853741678 0.0035430595986066793 0.319958772685509
0.24036132136036437 0.381388578035601 0.2442692586994346 0.13398084190460002
0.5917802401276732 0.19641972831885668 0.2048427757206016 0.006957255832868547
0.0947161017224466 0.4428685925474587 0.12466562091331268 0.337749684816782
0.006668989230418143 0.39126563983904783 0.5396592153799175 0.06240615555061657
0.035694566318871135 0.6155197251757889 0.23779550832205276 0.1109902001832872
0.3908140948772081 0.248791881741258 0.04813078668728943 0.3122632366942445
0.16182042556768916 0.684270266264652 0.13652190882858406 0.01738739933907474
0.2117733477183602 0.11787156161768941 0.6334051000225314 0.03694999064141902
0.11097967205309023 0.6102720240694072 0.25106648288125843 0.027681820996244166
0.4124659088015936 0.3272087659306291 0.2482925817390066 0.012032743528770706
0.4057190027806211 0.17158241586963296 0.1833936352811637 0.2393049460685822
0.0899129391267105 0.3228414289247509 0.3065236300495122 0.2807220018990264
0.0980651643771776 0.29914700398096306 0.022863323091154242 0.5799245085507051
0.1672042215703876 0.10665429562529627 0.7150433695962657 0.01109811320805043
0.3080319647128221 0.10641108160750734 0.37127850636584037 0.21427844731383017
0.31313780337077246 0.2655206350515332 0.3826692215242343 0.038672340053459986
0.1368352839724738 0.050310227611834235 0.17515852096660722 0.6376959674490847
0.026126815731681297 0.26005842405094537 0.5080215187350463 0.20579324148232703
0.009439956635737157 0.8092563299547708 0.08770380340039796 0.09359991000909407
0.023348420923446467 0.2481333984754559 0.42686968819924165 0.301648492401856
0.05642504057561537 0.5184836865630507 0.04229697781441877 0.3827942950469152
0.21089307363148413 0.4981164748346315 0.18702797026909257 0.1039624812647918
0.4770021758225851 0.05504104950953492 0.30127193911699524 0.16668483555088476
0.05808663142226966 0.016290224203505677 0.8359999660868194 0.08962317828740529
5.269397368909967E-4 0.6316940258831116 0.2835947944948659 0.08418423988513146
0.7039731767298958 0.0758439355519509 0.04068528875456878 0.17949759896358453
0.21034220503892953 0.25223509979722347 0.21661832234965006 0.32080437281419694
0.8449832483134466 0.01055179695399111 0.1431706446641614 0.0012943100684008613
0.4026424028723704 0.022483436092805453 0.009497862909829013 0.5653762981249951
0.29701032423157514 0.25363078756444823 0.045768060916134945 0.4035908272878417
0.4694815537446353 0.09297965538284703 0.114072792761575 0.3234659981109427
0.12951209943374709 0.12101367870975355 0.3088538325335538 0.44062038932294556
0.16746857258344783 0.3942826469745728 0.18533502590784579 0.25291375453413356
0.07283913042456513 0.5891709782584217 0.3306460963825242 0.007343794934489001
0.19462470871530024 0.24562055659737747 0.18982822685988332 0.36992650782743897
0.04269942880082589 0.2968423909245893 0.3107481365691538 0.349710043705431
0.5710299064446386 0.27809117153846163 0.06312177729527979 0.08775714472162
0.007607763084720887 0.07458758855071013 0.764415411915224 0.153389236449345
0.49520176857327936 0.12373817427214695 0.02620639246313916 0.35485366469143453
0.16863817277315185 0.012078939201516259 0.12469503243887092 0.694587855586461
0.42714522523161835 0.041073943116657796 0.279785468839282 0.25199536281244184
0.2951595962103133 0.03908060277570691 0.17929963231802937 0.48646016869595043
0.006088580362511253 0.19191049638731073 0.1620370900050615 0.6399638332451165
0.08449562124989185 0.02960897406151508 0.381237645011978 0.5046577596766151
0.16985152872859433 0.3272006425677487 0.43894355238395333 0.06400427631970362
0.2868339141343046 0.6880365181132961 0.02490978820471934 2.1977954767993246E-4
0.16952733515780194 0.028146330190222724 0.6800935824502142 0.12223275220176111
0.0909099454598572 0.31179649275996224 0.18357982943867635 0.4137137323415042
0.15966888315177907 0.3290657621986496 0.3425397095105096 0.16872564513906174
0.4120758836889956 0.30290609521916934 0.19685617121305932 0.08816184987877573
0.7747288605697966 0.04901029835388515 0.002112973323348366 0.17414786775296986
0.6249515946203655 0.20275480586607098 0.005917548735394629 0.16637605077816886
0.27532080150011606 0.0335150767665493 0.5691852127623142 0.12197890897102048
0.06303232403076431 0.7835961411615449 0.12317254088549934 0.030198993922191497
0.24231969358695915 0.011544844165013002 0.05018246254425007 0.6959529997037778
0.07742672424292518 0.6641406488146702 0.07682861901172255 0.1816040079306821
0.014035065050885254 0.5377982963493912 0.07876972001749605 0.36939691858222745
0.7840139312765131 0.08123401191602608 0.030125309148602786 0.10462674765885804
0.32085783697460524 0.6199502693805113 0.0319477530621316 0.02724414058275182
0.37990312542070714 0.15578257987200173 0.03588146574251716 0.42843282896477397
0.02927096891662606 0.12392895010612615 0.5373505979979736 0.3094494829792742
0.2640875741073784 0.06433971875824696 0.5600793204730572 0.11149338666131747
0.6966396731314934 0.13460937356122937 0.03035023725365471 0.13840071605362247
0.17679555357964005 0.2834830127041754 0.4235096308577545 0.11621180285843002
0.0032669526633229973 0.169435544448166 0.4254571841996696 0.4018403186888414
0.07227693588242212 0.5619462159386928 0.2933695075708094 0.07240734060807574
0.18680364141220485 0.08139548632172844 0.26875660606244123 0.4630442662036255
0.1445922258486324 0.8498877981824188 9.539521240230497E-4 0.004566023844925771
0.6270191649780645 0.08650511086582957 0.01019780331926945 0.27627792083683644
0.48230005214245286 0.1904372377597815 0.03266611292069266 0.294596597177073
0.12467638619060184 0.42349089415689944 0.30491475202017015 0.14691796763232856
0.22107718964305012 0.0860630854873653 0.20765002821327816 0.4852096966563064
0.48589308480894977 0.18707935719660318 0.012109777159066137 0.3149177808353809
0.38958747304609365 0.3693172802328142 0.1794243080098784 0.06167093871121376
0.015236046764908084 0.7924418464854885 0.18609804494300453 0.006224061806598846
0.05699796535488211 0.5919174300720288 0.15837549620935187 0.19270910836373722
0.2480708402748505 0.5518284815793837 0.07191080676340367 0.12818987138236215
0.42821809545756373 0.029484021505302493 0.38913790198269926 0.1531599810544345
0.8977399160572633 0.042502370529789224 0.012389812984089477 0.04736790042885797
0.37518404067779776 0.1617748070417938 0.07779834795706897 0.38524280432333946
0.7982903673195132 0.060788208860901305 0.008498758743291313 0.1324226650762942
0.46354155590513335 0.004992570851868994 0.029551867658536346 0.5019140055844613
0.19903865010466482 0.3782173590764454 0.24964790359701294 0.17309608722187686
0.3626281537436431 0.06279220758105442 0.28532954824632106 0.2892500904289814
0.020860806596574744 0.14439849301340957 0.3276371066549796 0.5071035937350361
0.22058668198381592 0.38757775171904985 0.373856261137113 0.01797930516002122
0.2529201656086848 0.008310270509386264 0.32948332769304 0.40928623618888893
0.0281133345603366 0.833092128476864 0.12495006908488426 0.013844467877915156
0.09052363995643664 0.5389729403067608 0.22571153971214497 0.1447918800246576
0.3947677653983528 0.020302308943364933 0.11911498917954633 0.46581493647873595
0.41006114833506635 0.015777593528917944 0.0438823566569414 0.5302789014790743
0.09684839045861404 0.23222178526004267 0.48090599905923026 0.19002382522211303
0.20753806968381205 0.25136763622184777 0.38954546847492677 0.1515488256194134
0.18813193107108295 0.13140981340730162 0.380213915423507 0.3002443400981084
0.12564001975497108 0.5448133038276527 0.11194025183172585 0.21760642458565038
0.12821284823526802 0.03150237629663433 0.8024013940654263 0.037883381402671334
0.304120434159731 0.13550666667853561 0.33651482500333363 0.22385807415839976
0.07264881218897357 0.19757111602973088 0.21958540453651765 0.5101946672447779
0.020685840652827636 0.011752378801113128 0.5302210042274534 0.4373407763186058
0.49664076892033426 0.2638313935636576 0.11587317817000486 0.12365465934600328
0.5093714000817534 0.020220525444170634 0.0059605651720020525 0.4644475093020739
0.8403583365696808 0.0818776230995264 0.002142029178785254 0.0756220111520075
0.6116625727193273 0.3039969624079628 0.011694849315960876 0.07264561555674898
0.10795837157055765 0.16919346972773053 0.19396157955540472 0.5288865791463071
0.06367631798991802 0.5996405683678733 0.3355124025282924 0.0011707111139163118
0.5016178972116787 0.172229854281838 0.10419348494415825 0.22195876356232502
0.06925252561298134 0.2282265874462731 0.5487663374322893 0.15375454950845624
0.43551965167711115 0.11972104482378798 0.1681782565826836 0.2765810469164173
0.2846088259737125 0.3715271396699661 0.09126618175972101 0.2525978525966004
0.1269824096122072 0.0030960164226501163 0.0060274017937888 0.8638941721713539
0.16327750522173923 0.15906910688196585 0.4398584145493536 0.23779497334694133
0.10245425365987937 0.5817554962197946 0.281137167594287 0.03465308252603905
0.22104679017264683 0.06301798773717127 0.025322736777975696 0.6906124853122062
0.02505975537612859 0.04143152208249823 0.40832473561761196 0.5251839869237612
0.03428657145134839 0.39305903665194986 0.4874336606634946 0.08522073123320717
0.03873751059936581 0.7142489512363355 0.11669892241547464 0.13031461574882408
0.08861253383475687 0.12496237458552906 0.7069102787231971 0.07951481285651696
0.4718891921052556 0.427893874688814 0.02104037996324326 0.07917655324268713
0.014179500472158435 0.24463356827992355 0.6353331420497856 0.10585378919813238
0.621246843080256 0.08222920828174474 0.0352279218301873 0.26129602680781194
0.011315792479555609 0.5558588335596575 0.1814900626541337 0.2513353113066532
0.29566040187209475 0.16067788135745387 0.37819464797297053 0.16546706879748085
0.01550764912127367 0.042202888974076536 0.08454663863781942 0.8577428232668304
0.400354559471101 0.17840706162493514 0.30877221220569506 0.11246616669826881
0.0034973369132154097 0.5565486096243972 0.39493632904314135 0.04501772441924601
0.11099268790217354 0.06351342447976338 0.5276468135016459 0.2978470741164172
0.31056892823624993 0.038870637814053755 0.40053296432796615 0.25002746962173017
0.03637159996616368 0.1140415418981009 0.7465521188826292 0.10303473925310624
0.2949360950468999 0.13928091203669646 0.26545146574387335 0.3003315271725303
0.3341810692907883 0.2049772630506792 0.4299976482211505 0.03084401943738202
0.18394647109550788 0.008571134096330923 0.35123854484714867 0.4562438499610125
0.5299758073827019 0.3000463099964229 0.005294944207231644 0.16468293841364356
0.871073528848035 0.06099409151660762 0.05006862749159946 0.017863752143757905
0.3788922765549758 0.0560480056856657 0.0783468153967749 0.4867129023625836
0.1985486150693293 0.04577187714810371 0.23472873513229742 0.5209507726502696
0.603920169020479 0.37896228121520625 4.5563161813255704E-5 0.017071986602501532
0.7055570157235428 0.1615175032066999 0.09593960276688307 0.03698587830287425
0.10581243186016431 0.6902089677314317 0.041910166383313574 0.1620684340250904
0.09522886282254395 0.02402916388189491 0.7893447876425299 0.09139718565303123
0.8212804129154678 0.015333622096864952 0.05731731000277296 0.10606865498489426
0.04717396629229176 0.4459714251186585 0.49141219723841967 0.01544241135063007
0.6999625996978032 0.17134522699200472 0.03293078999753729 0.09576138331265482
0.027790856331772917 0.7704359386751491 0.10861860490379216 0.09315460008928578
0.2888357648373524 0.5857640857104497 0.045112487731762574 0.08028766172043533
0.15774591742228583 0.624881159244823 0.20613364298163084 0.011239280351260317
0.2170975317216991 0.06581241261052195 0.7049951936353442 0.012094862032434706
0.2064980044398378 0.5814627678367371 0.16954621359262123 0.04249301413080386
0.2688846814583764 0.3646685373213009 0.2433736210088856 0.1230731602114371
0.19234905297191707 0.28067842357778217 0.09089098275171947 0.4360815406985813
0.30144539683525273 0.43084048940365693 0.0484403127153219 0.21927380104576844
0.8554463552723496 0.04879652864492667 0.03460936825787675 0.061147747824847
0.10395467058334806 0.1742992044683216 0.058301477630542164 0.6634446473177882
0.8017754836976816 0.016579497985001135 0.10499754193411914 0.07664747638319813
0.21272717722676937 0.780383292956553 5.568136718191452E-4 0.00633271614485853
0.013252777838460683 0.9104794751596899 0.030535523439985002 0.04573222356186446
0.29912761463199444 0.48666691865008405 0.2052602285606584 0.008945238157263113
0.16665943752161894 0.07260788760589987 0.7415649424620401 0.01916773241044112
0.08844227485827605 0.09721518379166594 0.7301091801294463 0.08423336122061176
0.4652694648669715 0.13194908874190114 0.3599359207539473 0.042845525637180026
0.040336532556254356 0.06901780140035718 0.408684868231144 0.48196079781224443
0.16648036625194185 0.735015646061269 0.03984730199663544 0.0586566856901537
0.2881192365344899 0.062278249598335056 0.5563313677545634 0.09327114611261167
0.8270720777677705 0.044620195086382264 0.03237551030491659 0.09593221684093067
0.5705505882763314 0.14699591097688836 0.021906474629017625 0.2605470261177626
0.06635412792197604 0.4848570999070656 0.19035845986860656 0.2584303123023518
0.04040890248351081 0.1725498009703207 0.10441649258858599 0.6826248039575825
0.06782920149269889 0.0161968251677308 0.031332330522177654 0.8846416428173927
0.029893210341521148 0.2471411319794935 0.2895152045387209 0.4334504531402644
0.09026929211229018 0.044870127721135966 0.7797589721919241 0.08510160797464972
0.2121727546579414 0.16749456109876115 0.5101560616525216 0.11017662259077587
0.22727331212875923 0.29257105260099225 0.24623301463658176 0.23392262063366676
0.36903914548391337 0.2015545590758605 0.024320854317228524 0.4050854411229976
0.07523593939870543 0.2205585865550045 0.22201463119008924 0.48219084285620084
0.03583588149242578 0.1976958393520888 0.6189070881695455 0.1475611909859399
0.27936690502501904 0.07118443614628156 0.34539291839221475 0.30405574043648464
0.3000540053441739 0.4061852805299363 0.052825153748421894 0.24093556037746788
0.01870077785251456 0.00761977231982125 0.2485840632307148 0.7250953865969494
0.27834827775353277 0.6357494780471535 0.05646506237206339 0.029437181827250303
0.032186670213416035 0.385861883595623 0.4880200556096064 0.09393139058135458
