0.3878999358286931 0.16105018786478276 0.26616562571510627 0.1848842505914179
0.12368220722791756 0.05187672413377875 0.7774663977444967 0.046974670893807025
0.07459438175616351 0.13302865690491295 0.08959111755999516 0.7027858437789284
0.10625915137282993 0.4626851463225834 0.3829446335355199 0.04811106876906679
0.014858974994857777 0.03958515845278887 0.3316259382903014 0.613929928262052
0.18418389274834912 0.041271020278347836 0.7644080501255232 0.01013703684777989
0.042762776727832685 0.39837064814852874 0.2842885385133288 0.2745780366103098
0.4137180077031518 0.1662401526201126 0.2836375375505644 0.13640430212617116
0.3849477145886494 0.07492943259844131 0.32679976658216403 0.21332308623074525
0.12736654398013747 0.43830195374518244 0.04679755961142684 0.38753394266325325
0.06945424123952648 0.164356808164407 0.051732751759445694 0.7144561988366208
0.4487425208790612 0.31571447828373567 0.19219047525422128 0.04335252558298186
0.10820854856297668 0.035723690486206605 0.04651908560729656 0.8095486753435202
0.1263865125250503 0.3456406510179789 0.0516643534685699 0.4763084829884009
0.08494279534732496 0.4684727642957486 0.38431990039184205 0.06226453996508441
0.002493483460746071 0.23012944164199667 0.6121937595359268 0.15518331536133045
0.22521920065373702 0.6342590609389274 0.06447321085339686 0.07604852755393876
0.15663685631729096 0.5567197269878458 0.2851443316394454 0.001499085055417848
0.0025956247423738477 0.07612232273204256 0.32620281179713917 0.5950792407284444
0.47591951820897715 0.16241034689099443 0.23045135435445752 0.1312187805455709
0.11953323891509471 0.21726738542560198 0.2921982384041132 0.3710011372551901
0.6528181914334903 0.01944216551305422 0.03398625605235972 0.29375338700109577
0.1862226739790509 0.4247975500032244 0.2919448547030281 0.0970349213146966
0.7218891272803453 0.03935485823977447 0.1803758876514333 0.058380126828446954
0.21726433997931238 0.16600667702455096 0.4594476814816436 0.15728130151449304
0.1796631867339562 0.5409959730719702 0.021492023156946316 0.25784881703712725
0.15147201868469462 0.13405116133937856 0.29954773824326264 0.4149290817326642
0.7623688738668357 0.1384019597719498 0.06888278338275944 0.030346382978455044
0.180801612782299 0.2979985881406563 8.690606792853828E-4 0.5203307383977593
0.07296715181034663 0.7465658313162576 0.1626525836844953 0.017814433188900414
0.5829919834584062 0.13356233750157476 0.195395586551673 0.08805009248834605
0.3101587379071976 0.45422906176748323 0.2140035372401996 0.02160866308511955
0.5921635600132568 0.12193706081939581 0.22598838297905144 0.059910996188295984
0.8045878050861417 0.18900819792585788 0.005297736505871953 0.0011062604821284738
0.8828984966721253 8.73595299660801E-5 0.005482928472017368 0.11153121532589128
0.119602244301517 0.316980745107559 0.04875572264477823 0.5146612879461457
0.14865492719257767 0.34984484897474655 0.3034616889764328 0.198038534856243
0.171817532971543 0.11986731750383672 0.045229583604418866 0.6630855659202014
0.290054972600702 0.15334207694287783 0.3774392308477308 0.17916371960868938
0.5050131830868761 0.15017466629774312 0.13764346384286952 0.2071686867725112
0.48737270841451585 0.09554465461377226 0.2710259795403155 0.1460566574313964
0.023709747642551626 0.16607295684659784 0.17661554348238628 0.6336017520284642
0.2666913841376981 0.4911076579504866 0.2063315772993901 0.03586938061242517
0.14239309096728325 0.7611540883684065 0.07911122382550273 0.017341596838807538
0.48099517528320834 0.3876990626877692 0.07551253854377715 0.05579322348524529
0.013316178638304699 0.8775441990333921 0.10584254128627857 0.003297081042024641
0.04588832673290877 0.8496552778514632 0.06645297229746139 0.038003423118166624
0.007851617999447114 0.019939766024406724 0.42183538647079255 0.5503732295053536
0.5429382079828845 0.02729411225382372 0.005665402916876339 0.42410227684641544
0.566252065139651 0.20675055611940352 0.15984659591579153 0.06715078282515397
0.0036337819872176436 0.9071023983519344 0.0830402632198528 0.006223556440995148
0.1696731463343858 0.14182979885281854 0.26273987504351326 0.4257571797692824
0.01420998827229436 0.0014324077161433912 0.7055048053582035 0.27885279865335877
0.6245483218777361 0.3465783912075392 0.009364228738426794 0.01950905817629789
0.11444970994025716 0.07452363735508571 0.629825793736336 0.18120085896832117
0.5966778690866417 0.06907368594294216 0.32113098383942607 0.013117461130990105
0.30654755016214974 0.22408053152582552 0.3764805669856234 0.09289135132640136
0.5586367323071642 0.006770713603175604 0.043194164674795976 0.39139838941486427
0.3418926259731685 0.2689976521163885 0.06275811988621671 0.3263516020242263
0.7929284525233864 0.0627265218445181 0.11338575760383973 0.03095926802825577
0.2753439822419904 0.26427033729317306 0.2199237540651835 0.24046192639965303
0.09678228927849719 0.012019437044432757 0.004504549878853514 0.8866937237982165
0.512588189206817 0.1015235832924628 0.28133232777979 0.10455589972093016
0.0035198143279907557 0.27112505606220816 0.4691637240497001 0.256191405560101
0.17176333088587237 0.014463959910554602 0.7089693784810533 0.10480333072251968
0.008985528732731618 0.7421007047640249 0.23890631291174502 0.01000745359149846
0.3480713507593103 0.3242521947216076 0.28139277842215893 0.04628367609692319
0.61018777506145 0.018010271716372817 0.19582376033253746 0.17597819288963967
0.485730976178925 0.0578365845272002 0.035546959547137824 0.42088547974673696
0.11381427218393492 0.04757801286348007 0.17615581279286763 0.6624519021597174
0.20462075716530437 0.2604756955238684 0.4236489324249967 0.11125461488583055
0.41357187005747387 0.010956402746522986 0.0053507857320962415 0.5701209414639069
0.01767765208842853 0.5760420914114459 0.35674564021795063 0.049534616282174926
0.027044454695369313 0.15842761979661735 0.7345285959486237 0.0799993295593896
0.003221393910448178 0.31030391443438654 0.2563276521010722 0.43014703955409306
2.4029196552788346E-4 0.16822591907284679 0.6354896697341217 0.19604411922750364
0.1224703710026327 0.30152334703520334 0.24746807127943637 0.3285382106827276
0.013229288307618603 0.23310121959364294 0.7413049512574045 0.012364540841333982
0.17665242876033838 0.016335766219043424 0.7709292108431202 0.03608259417749804
0.6968569881854745 0.02541504581408094 0.11691157780717965 0.16081638819326494
0.05777717191359799 0.6505500329119386 0.2822904444628631 0.009382350711600318
0.10280214443434121 0.793342177094417 0.09881508203906253 0.005040596432179245
0.07166520974105384 0.17063746065917162 0.738188512632632 0.019508816967142573
0.5206959143335408 0.027361319612547286 0.04072578315843567 0.41121698289547626
0.16841033923363435 0.6192552151693947 0.0648500586445947 0.1474843869523762
0.28075531050707503 0.09872364430412672 0.2713013898092248 0.34921965537957345
0.4751351892122464 0.3361483048378282 0.07201432897878834 0.11670217697113705
0.30666607662982626 0.5559205741525552 0.028255023131655954 0.10915832608596254
0.9060329694678947 0.054399867166636584 0.021441577281044788 0.01812558608442394
0.8083319162854471 0.04946718421529306 0.008042855269477567 0.13415804422978228
0.0759971234897554 0.4384363118987684 0.1267179624846564 0.3588486021268198
0.010422071871242666 0.0931464130643922 0.26143870926287804 0.6349928058014871
0.37593961659808617 0.008264316476946476 0.014503441363408198 0.6012926255615592
0.0592286012812423 0.5760974015257145 0.06790566264321107 0.2967683345498321
0.30967656890293593 0.03524485753521145 0.11431802772294963 0.540760545838903
0.015706942860579054 0.6034761791281931 0.31908009531631654 0.06173678269491134
0.08018475615135201 0.7667261194101519 0.135402143197476 0.017686981241020083
0.17249271627172635 0.34171431386156037 0.3286790454266286 0.15711392444008465
0.5878988448059784 0.21360670667659698 0.008026729143423728 0.19046771937400087
0.4721390816953326 0.36285657533754934 0.0755604918455377 0.08944385112158038
0.02626360886580048 0.18018902010169102 0.5667749590699664 0.22677241196254205
0.1179145425959045 0.019526456206918064 0.0746758855967512 0.7878831156004262
0.010160417397991228 0.021669441018157154 0.9551963222244597 0.012973819359391903
0.6080893981777952 0.047594398341691324 0.31333200386633964 0.03098419961417387
0.1444351079820988 0.0013148291753569685 0.015844213690117015 0.8384058491524272
0.47227723637330143 0.06978038111106455 0.3980628479494923 0.0598795345661417
0.12035158941295077 0.06636907330552289 0.027398361563160556 0.7858809757183658
0.5459656008389207 0.21434833881088777 0.13800576570071188 0.1016802946494797
0.03863713555453596 0.322993141859123 0.3493394777706105 0.2890302448157306
0.0815027168428607 0.060957701950279164 0.2575170130553821 0.600022568151478
0.3302642154011459 0.18199507155852102 0.09611630216519107 0.391624410875142
0.10491370988958137 0.038432011409107236 0.1721021375462376 0.6845521411550738
0.04278427515084415 0.08028390092276083 0.8394069658756798 0.03752485805071526
0.044095886760831315 0.0958269162880323 0.33044425205878647 0.5296329448923499
0.40629380985600616 0.037525823378197654 0.23402627284834443 0.32215409391745176
0.1109666365096289 0.18602067631149255 0.3854354282578525 0.31757725892102606
0.6569565487726096 0.1772072429256425 0.0054273649219030995 0.16040884337984485
0.31301724564047784 0.5538062713931851 0.08538116794632589 0.04779531502001122
0.23874057282712147 0.15102328373409657 0.05287392229302823 0.5573622211457537
0.10225093990994794 0.21953612857050975 0.3279388345035581 0.3502740970159842
0.19395650702289002 0.09019015765518912 0.0020720924887728254 0.713781242833148
0.0659472315678239 0.0480035666429367 0.3235002602384702 0.5625489415507692
0.1539418044277301 0.31412172747020173 0.2449591490200418 0.2869773190820264
0.1387078730515794 0.031310422242510905 0.5415789176929617 0.28840278701294797
0.35977359917073715 0.024186426252358895 0.13580657428748222 0.48023340028942174
0.18265196173468545 0.6796096964256412 0.020836887229709444 0.11690145460996393
0.5845127104768235 0.2515554117027433 0.03267954768884984 0.13125233013158333
0.21524561292617483 0.2904295942366355 0.23547621413123287 0.2588485787059568
0.3998733243178113 0.24528228225972581 0.11410160355998311 0.24074278986247977
0.008246135631579832 0.5869156930989858 0.39518249614419176 0.009655675125242569
0.1598202348756511 0.10308324326478491 0.21909093946874647 0.5180055823908175
0.07481071730462807 0.13395103533306862 0.7492288311439858 0.04200941621831755
0.6488580319079712 0.1393653234029153 0.013001424453909727 0.19877522023520378
0.03135592713173052 0.013081794752522247 0.9543306312478284 0.0012316468679188786
0.014248991576015224 0.0233693613536764 0.7513183597721903 0.21106328729811807
0.022334917085623518 0.36645461438143434 0.5194162982834118 0.0917941702495303
0.24577201242139035 0.04814527460998319 0.12925570007115028 0.5768270128974762
0.005148197134501653 0.019747350478197645 0.10535976890142296 0.8697446834858777
0.7322636930192988 0.04819504419030651 0.04496881549466614 0.17457244729572852
0.587931818080837 0.02334382984272032 0.0018922917764689906 0.38683206029997363
0.2627354419781658 0.11729283943328939 0.03626221792980455 0.5837095006587403
0.6469739654012928 0.01138796031697853 0.09220076990470916 0.2494373043770195
0.17202694493262183 0.042026758784442175 0.09115714330036528 0.6947891529825707
0.009435022550842054 0.036839643132160815 0.4842635246197414 0.4694618096972557
0.292580395881045 0.12412520392338289 0.1605954548828461 0.422698945312726
0.9812951885015608 0.003041021789915055 0.008621801959784237 0.007041987748739875
0.44174269806058775 0.45924683806049327 0.07439237628878392 0.024618087590135063
0.0027046822640270918 0.28164781940662886 0.6854530790811708 0.030194419248173232
0.04260685270416187 0.023172766102937947 0.9279509269232918 0.006269454269608343
0.1278839730215907 0.037896446843726395 0.3577192874850692 0.4765002926496137
0.2129747447109206 0.3468850434689239 0.32284736022705607 0.11729285159309943
0.02854217537341941 0.8114772940212066 0.08393985266429638 0.0760406779410776
0.06159414062408275 0.42596200502339665 0.42251945418120074 0.08992440017131986
0.342063759660561 0.10766417067347123 0.4865319742565165 0.06374009540945125
0.2997051318354623 0.5550460478588559 0.07213273396319497 0.07311608634248679
0.03499284270500391 0.6607832878500168 0.010095521041343702 0.29412834840363555
0.15052228886225527 0.3794805659221845 0.3613099690625935 0.10868717615296675
0.6425382101574252 0.13077888569745533 0.054238094134013926 0.17244481001110556
0.7058682460956808 0.010901914991274242 0.018218064417828805 0.2650117744952162
0.06532696293660079 0.7850280063052291 0.02331006513071654 0.1263349656274536
0.7553236254525393 0.15082320886777245 0.04179433129692578 0.05205883438276249
0.18389843315538756 0.29804122240131925 0.09531369155151392 0.42274665289177926
0.3937408510825974 0.012309520725974354 0.013419604142760555 0.5805300240486677
0.28219023769627316 0.12518164888343652 0.16862103993338506 0.42400707348690525
5.397096578265703E-4 0.214270741717985 0.7758817992388398 0.009307749385348618
0.02753256245413349 0.3447678822157333 0.6197524420386729 0.007947113291460361
0.14042944085326237 0.14516954237370427 0.30577221586555436 0.408628800907479
0.861561460157237 0.026089191121231092 0.05911541981701485 0.05323392890451706
0.1297307654592218 0.024973645736277583 0.35167177815388073 0.4936238106506199
0.055704102854728044 0.024722956049869405 0.39503227874123414 0.5245406623541684
0.47957115561233954 0.005658009179981716 0.07540823538334862 0.4393625998243301
0.5045526846148224 0.2682284738017271 0.14723513529220045 0.07998370629125007
0.13114789478077293 0.39288429294990845 0.2182179411405306 0.257749871128788
0.014772583715958576 0.1677489567091227 0.5317834900200089 0.2856949695549098
0.4846719526524912 0.15667159944455633 0.29868711583033314 0.05996933207261934
0.08389701336442767 0.6299992853624734 0.04491171935670746 0.24119198191639146
0.09484284440928381 0.3907011220067099 0.4147016566845845 0.09975437689942179
0.345570976133142 0.40089499675517015 0.18601725005212666 0.06751677705956116
0.38713515695297485 0.1640710092338572 0.13452524135536315 0.3142685924578048
0.37292563499952514 0.07520915096738179 0.19698426128209356 0.3548809527509995
0.09868786520094408 0.6305150738519943 0.13425971012548354 0.13653735082157803
0.26741337257150466 0.005692650735475091 0.2866148358680066 0.4402791408250136
0.605796600630064 0.08309591664027383 0.22652169180600823 0.08458579092365393
0.05500803546145361 0.7437704841501326 0.19164009907793533 0.009581381310478476
0.04244817309045634 0.01920967825380049 0.5165125972056032 0.42182955145014
0.04184175833067749 0.4732499270293916 0.45863728478790966 0.026271029852021233
0.0019374512901431107 0.5849072793076129 0.36024542192391495 0.05290984747832905
0.003999813892584636 0.14538523450292307 0.001683586946093829 0.8489313646583985
0.026849295840100873 0.685134325723169 0.18341851632025896 0.10459786211647115
0.005890071546583608 0.04310627229011399 0.010233818286231378 0.940769837877071
0.11441351038175562 0.06663250763355022 0.3554609196780646 0.46349306230662957
0.525914555813457 0.15069457884788906 0.13980515373785385 0.18358571160080006
0.23104539139400804 0.11896945761812616 0.17763506296774922 0.4723500880201166
0.18406512584821877 0.5712260923472938 0.163007890152283 0.0817008916522044
0.13786618428129982 0.06046955454268188 0.5846793202735572 0.21698494090246112
0.2098770530048778 0.0048804170239455935 0.4892361613178251 0.2960063686533515
0.06712169039917204 0.2996036640051022 0.11427128282025156 0.5190033627754742
0.012011048981872885 0.713680691802143 0.18449202425935007 0.08981623495663404
0.5980835692184739 0.3534567438951145 0.004248210655308005 0.04421147623110355
0.6574878224908484 0.08154757813191615 0.24415982034437278 0.016804779032862704
0.4670230589307006 0.10088356593444281 0.01055000256925498 0.4215433725656016
0.20445054381721584 0.05527940438833456 0.16379958584771093 0.5764704659467387
0.11659787325515503 0.33887648923030944 0.2401182205157586 0.30440741699877694
0.04401127163256824 0.021674785644525074 0.21837321732552628 0.7159407253973804
0.038636339309553014 0.6425149525155435 0.2195458172126269 0.09930289096227662
0.382073574150134 0.12199614560951977 0.2932367998964719 0.20269348034387435
0.02912461897286933 0.02279714886775197 0.9356374622404197 0.012440769918959038
0.25490421289552456 0.2933424164410007 0.3258701723710805 0.12588319829239425
0.3028482046376757 0.4191875421292287 0.038761012798136485 0.2392032404349591
0.309993604060231 0.17640366731345802 0.17348376621263917 0.3401189624136718
0.5863249087453247 0.00830604629046594 0.011899134290371816 0.3934699106738375
0.03538283712351853 0.014256051429374694 0.05617089209906445 0.8941902193480423
0.31889826439480906 0.4614791871267949 0.00323141059017773 0.2163911378882183
0.002454541774160157 0.3447123489237711 0.6487365909822002 0.0040965183198685695
0.4132117286557525 0.3242150330832634 0.0546395454390497 0.2079336928219344
0.6477884861311479 0.09819221082471363 0.03528656027391519 0.21873274277022325
0.006562802696339687 0.5354303844443493 0.36545286507514774 0.09255394778416326
0.660437466281199 0.2805760437825071 0.044933563022543144 0.014052926913750707
0.31715005558929665 0.6247124241044071 6.57833870878366E-4 0.0574796864354179
0.06714108305975497 0.02628739593771301 0.23355680901001397 0.673014711992518
0.003671008541904275 0.4298720316076835 0.17929801011469504 0.3871589497357172
0.3322008587899513 0.2941686679915031 0.3095097244549241 0.0641207487636215
0.11951587214312653 0.15386628683257775 0.3743619393285066 0.35225590169578913
0.024845230239667893 0.006346514268985248 0.1664520959480722 0.8023561595432747
0.41146487403128096 0.022191442703715758 0.5635958627827649 0.002747820482238428
0.49046517686281255 0.2850024197284632 0.03866794238287952 0.18586446102584475
0.07480677474578179 0.5885514436883963 0.02714325183716715 0.30949852972865477
0.15026001123809618 0.23094054390248775 0.6079323544469498 0.010867090412466252
0.2766566422194081 0.20447040171179975 0.2190005637393807 0.29987239232941143
0.03877030130266512 0.33255401016240904 0.5380791922168683 0.09059649631805755
0.3937079975266503 0.0910783304370969 0.1306199725210403 0.3845936995152125
0.10307035719362312 0.23603852505970635 0.4015106027655625 0.25938051498110803
0.0944282724479436 0.10827126959048816 0.5402700886562486 0.25703036930531964
0.37308709818650365 0.3996745350570847 0.09923869036740529 0.12799967638900633
0.687046008326009 0.01743920809452948 0.26199425693524225 0.03352052664421923
0.02635384924343176 0.4102946059395923 0.4125380663695265 0.1508134784474494
0.19881224948589116 0.06444456027584344 0.7367123430567885 3.0847181476945096E-5
0.2618616555360984 0.09152174210094377 0.5398075568331839 0.10680904552977388
0.7060585446274723 0.06814359162641881 0.0670790145158704 0.1587188492302385
0.13672672058505608 0.25705901379921337 0.09787408174403145 0.5083401838716991
0.0033845509725961564 0.12504591037327972 0.5564205195837983 0.3151490190703258
0.20538751169646297 0.7095290666058656 0.038087651971873804 0.046995769725797665
0.09349925693815297 0.024653048382224818 0.24932122063790296 0.6325264740417192
0.3234337961809799 0.5019524759492069 0.1311346040289464 0.04347912384086683
0.22343918124109619 0.17257334182281137 0.3258124424409954 0.27817503449509706
0.11293872890073686 0.03353251845106342 0.13213733239576841 0.7213914202524313
0.564139822127481 0.17905748266842791 0.19777359775920622 0.059029097444884826
0.0504492894507389 0.12178245031508439 0.30430869831983887 0.5234595619143378
0.23463029703788219 0.05792752872008711 0.1395474776062745 0.5678946966357562
0.7995065698893051 0.03245456579870076 0.07123798776940526 0.09680087654258884
0.4442127038945125 0.3661386491653572 0.01120051048963644 0.17844813645049384
0.3821195372405448 0.4162119209273577 0.022350339651675655 0.17931820218042183
0.01663689749193542 0.8599816626909065 0.11896429286359367 0.0044171469535644325
0.20397496366371493 0.21553063360511537 0.51790273105917 0.06259167167199975
0.0032100146122201467 0.3668484481172031 0.4741706559511105 0.15577088131946626
0.0487723370237757 0.33508848008560377 0.585448896667535 0.03069028622308556
0.04555966759526742 0.19832027112506667 0.5413820841082532 0.21473797717141274
0.01956444269229718 0.1385431880354664 0.4137985419367588 0.42809382733547763
0.06693479681341119 0.1277524275008718 0.12665056575206646 0.6786622099336506
0.6657988313253802 0.32177047825376626 4.216554721956367E-4 0.012009034948657904
0.004143800870990533 0.4536235894218431 0.46954291071146903 0.07268969899569733
0.058992840027765836 0.383699332899032 0.5545232718623109 0.0027845552108912708
0.510718222101517 0.15678003085575065 0.07377744156797061 0.2587243054747618
0.4119373980261536 0.19112134994211338 0.03382856371002396 0.36311268832170907
0.26505894435562505 0.5722229134555672 0.058774283043535824 0.10394385914527193
0.193932835095465 0.5667095460748698 0.10559508508415794 0.13376253374550728
0.7657979015275002 0.06856351542374872 0.14280755523066002 0.0228310278180911
0.027537269787536123 0.6259636241150629 0.18709344978552678 0.1594056563118742
0.4600747932456283 0.30079605894846206 0.22199783425220365 0.017131313553706007
0.43311437870953906 0.48323835651610725 0.035148969700173005 0.048498295074180686
0.45248916549851237 0.1282707083495599 0.23365043731166724 0.1855896888402605
0.22820604210349393 0.2368026507163623 0.49988378363091834 0.03510752354922542
0.5263657645692827 0.02676690364325096 0.40679084076234695 0.04007649102511934
0.09734756844956394 0.5660185613940119 0.07969094313615666 0.25694292702026755
0.09538284393589935 0.2247906233815129 0.0994499459278575 0.5803765867547303
0.422752064409491 0.26080966636820957 0.2550464089460587 0.06139186027624077
0.05091481233301132 0.6082905692278671 0.24298936380359248 0.09780525463552914
0.15954725816364712 0.005458818432751533 0.5436631143777715 0.29133080902582986
0.039509224283173605 0.7775434767945236 0.15409277563857826 0.02885452328372451
0.10796531609722904 0.43238195643895416 0.10213365641665328 0.3575190710471635
0.3227485623073101 0.551347358843112 0.08358883508156512 0.04231524376801277
0.22917788345775225 0.21966677774273524 0.029737305366259736 0.5214180334332528
0.07221291945103292 0.3368456525374114 0.4333734600305209 0.15756796798103478
0.21173051406989063 0.5478050405262077 0.11760689968043059 0.12285754572347107
0.24375645408876545 0.05142416492494384 0.27564748719236487 0.42917189379392584
0.3439451020824118 0.2904350948278419 0.36264456518100907 0.002975237908737216
0.035990587129011264 0.11426631385473285 0.3144763659713986 0.5352667330448573
0.06172529197675869 0.7018056242159215 0.08359421869706674 0.15287486511025306
0.3393439411727106 0.5230660462026232 0.0864543784302696 0.051135634194396595
0.12226223851551576 0.13053843759119765 0.3405873929774621 0.4066119309158245
0.22214555968547167 0.1769643571559366 0.27977691809029637 0.32111316506829535
0.020755919695097935 0.03792969047614203 0.800867680884447 0.140446708944313
0.01845184102898023 0.1531253533379081 0.09085657683079906 0.7375662288023126
0.2584644212760364 0.3239183477155757 0.16401320240128914 0.25360402860709874
0.548089395116137 0.09279774237271232 0.33464421286819546 0.024468649642955254
0.0063409045856800406 0.07646863539790949 0.3182254411619809 0.5989650188544295
0.24879173334733096 0.5035160620771101 0.23012763641217981 0.017564568163379146
0.1002897332477658 0.1651027059436423 0.684702609288664 0.04990495151992791
0.11692051935924697 0.4526696468368592 0.352622899114172 0.07778693468972186
0.2705863336031673 0.2272456656372278 0.18848411957728906 0.3136838811823158
